96.52	24.32
28.56	14.54
69.60	26.58
16.61	8.58
85.79	23.18
900.32	900.31
21.68	13.23
48.48	25.15
4.39	3.50
14.30	8.21
156.75	192.40
161.42	204.12
172.23	302.96
161.56	198.11
500.58	329.48
346.74	900.31
900.27	900.32
374.98	499.57
900.32	900.38
43.90	758.24
58.44	819.72
822.88	900.29
239.54	418.66
237.79	456.67
263.14	720.58
246.94	466.59
53.00	887.31
3.31	3.41
1.85	1.76
98.89	900.29
100.17	900.28
98.95	900.32
745.45	900.32
474.41	900.31
106.18	900.28
900.20	900.27
900.27	900.27
900.33	900.29
900.26	900.27
900.26	900.25
900.31	900.25
900.28	900.29
900.32	900.27
6.18	5.18
21.53	18.48
145.61	127.95
900.28	900.24
900.26	900.32
