262.83	36.07
121.85	16.69
157.80	20.44
33.64	7.19
257.46	33.33
710.52	21.16
111.50	16.60
144.58	20.27
13.49	4.85
31.03	7.76
18.36	8.68
19.55	9.35
20.06	10.12
18.61	8.97
66.89	34.22
27.46	9.38
50.02	35.66
30.51	20.82
73.82	136.42
20.26	8.23
20.52	8.05
318.80	40.66
20.11	13.43
20.82	13.16
21.55	13.15
19.62	12.79
23.44	10.72
4.19	3.11
2.51	1.82
22.52	9.77
21.97	10.61
22.25	9.20
321.96	33.83
27.79	18.42
56.58	9.16
900.28	900.32
900.26	900.31
900.25	900.30
900.29	900.25
900.25	900.25
900.27	900.27
900.30	900.27
900.29	900.34
4.72	5.11
15.66	14.39
121.01	94.00
900.23	900.23
900.30	900.30
