73.74	16.21
20.53	10.58
40.53	16.91
12.89	6.50
66.50	15.47
900.24	900.26
15.54	9.55
30.76	15.63
3.52	3.27
10.00	5.89
16.20	13.86
16.75	13.43
18.27	14.18
17.11	12.85
249.61	210.29
84.82	94.57
396.53	314.71
132.07	114.50
539.01	368.34
21.30	17.18
21.02	18.16
223.05	186.31
28.24	26.41
30.51	28.48
33.56	32.07
30.53	28.09
22.12	21.05
3.09	3.00
1.87	1.74
20.97	18.64
21.09	17.49
21.10	18.16
215.20	205.77
112.23	97.69
24.14	21.48
900.27	900.23
900.25	900.28
900.29	900.26
900.22	900.33
900.30	900.25
900.26	900.30
900.24	900.24
900.31	900.38
4.85	4.26
17.44	14.74
134.68	115.21
900.28	900.25
900.23	900.27
