900.30	323.52
240.73	66.47
462.40	108.27
251.29	26.06
900.28	287.71
832.21	96.56
201.49	67.98
389.38	117.18
30.37	10.17
225.51	26.91
900.29	900.30
900.22	900.30
900.36	900.28
900.23	900.26
900.33	900.29
900.35	900.32
900.33	900.27
900.29	900.30
900.29	900.28
900.27	900.35
900.28	900.33
900.29	900.30
900.26	900.30
900.26	900.23
900.30	900.26
900.21	900.30
900.34	900.35
177.10	67.38
4.98	3.66
900.32	900.31
900.33	900.27
900.29	900.35
900.36	900.29
900.32	900.42
900.27	900.34
5.61	3.90
6.05	4.06
4.57	2.86
4.93	3.02
5.38	3.46
5.87	3.52
6.82	4.14
7.57	4.28
2.43	2.00
2.83	2.16
3.32	2.23
3.58	2.62
4.05	2.55
